r 31 266 30 20 false 0.0
r 61 266 30 20 true 0.0
r 31 286 25 27 false 0.0
r 31 313 25 26 false 0.0
r 31 339 25 27 false 0.0
r 31 366 30 20 false 0.0
r 61 366 30 20 true 0.0
r 92 273 28 20 false 0.43240777557053783
r 107 301 24 26 false 0.0
r 107 327 24 25 false 0.0
r 92 356 28 20 true -0.40024065703397427
r 231 265 30 20 false 0.0
r 185 368 28 20 false -1.1705556697609225
r 196 341 28 20 false -1.1705556697609225
r 207 314 28 20 true -1.1705556697609225
r 218 287 28 20 false -1.1705556697609225
r 246 285 27 20 false -1.9379701606131159
r 256 312 28 20 false -1.9710369838288708
r 267 339 28 20 false -1.9710369838288708
r 278 366 28 20 true -1.9710369838288708
r 225 339 42 20 false 0.0
r 366 266 20 30 false 0.0
r 366 296 20 30 false 0.0
r 366 326 20 30 false 0.0
r 366 356 20 30 false 0.0
r 441 266 20 30 false 0.0
r 441 296 20 30 true 0.0
r 441 326 20 30 false 0.0
r 441 356 20 30 false 0.0
r 386 292 26 15 false 1.0563450137358688
r 401 316 25 15 true 1.0370881351556351
r 414 339 25 15 false 1.0899090465995607
r 533 266 20 30 false 0.0
r 553 266 30 20 false 0.0
r 583 266 30 20 true 0.0
r 533 296 20 30 false 0.0
r 533 326 20 30 false 0.0
r 533 356 20 30 false 0.0
r 553 315 30 20 false 0.0
r 583 315 30 20 true 0.0
r 684 272 19 30 false -0.5317240672588057
r 699 296 19 30 false -0.5317240672588057
r 714 326 20 30 false 0.0
r 714 356 20 30 false 0.0
r 745 271 19 30 false 0.5317240672588057
r 730 295 19 30 false 0.5317240672588057
r 11 574 28 20 false -0.7853981633974484
r 32 553 28 20 false -0.7853981633974484
r 53 532 28 20 false -0.7853981633974484
r 74 511 28 20 false -0.7853981633974484
r 95 490 28 20 false -0.7853981633974484
r 121 471 19 30 false -0.7853981633974483
r 137 499 30 20 false 0.785398163397449
r 187 558 30 20 false 0.785398163397449
r 346 559 30 20 false 0.785398163397449
r 518 545 30 20 false 0.785398163397449
r 682 526 30 20 false 0.785398163397449
r 878 534 30 20 false 0.785398163397449
r 774 458 30 20 false 0.785398163397449
r 611 456 30 20 false 0.785398163397449
r 434 462 30 20 false 0.785398163397449
r 266 474 30 20 false 0.785398163397449
r 984 451 30 20 false 0.785398163397449
r 621 559 30 20 false 0.785398163397449